0.000000 200.000000 -0.000000 
0.000000 199.462647 0.151667 
0.000000 197.855697 0.601431 
0.000000 195.194489 1.333886 
0.000000 191.504640 2.324305 
0.000000 186.822064 3.539956 
0.000000 181.192959 4.941717 
0.000000 174.673676 6.485829 
0.000000 167.330457 8.125612 
0.000000 159.239013 9.813006 
0.000000 150.483940 11.499864 
0.000000 141.157984 13.138968 
0.000000 131.361186 14.684818 
0.000000 121.199928 16.094293 
0.000000 110.785882 17.327290 
0.000000 100.234882 18.347469 
0.000000 89.665685 19.123159 
0.000000 79.185830 19.628006 
0.000000 68.773786 19.758373 
0.000000 58.706899 19.450792 
0.000000 49.111383 18.723224 
0.000000 40.107706 17.608792 
0.000000 31.807912 16.154467 
0.000000 24.313215 14.418769 
0.000000 17.712050 12.468568 
0.000000 12.078730 10.375123 
0.000000 7.472747 8.209636 
0.000000 3.938682 6.038646 
0.000000 1.506589 3.919624 
0.000000 0.192666 1.897152 
0.000000 0.000000 0.000000 
0.000000 0.902955 -1.678778 
0.000000 2.863891 -3.057466 
0.000000 5.850015 -4.140793 
0.000000 9.818162 -4.938314 
0.000000 14.716189 -5.464869 
0.000000 20.484551 -5.741110 
0.000000 27.057820 -5.793927 
0.000000 34.365967 -5.656555 
0.000000 42.335243 -5.368227 
0.000000 50.888617 -4.973224 
0.000000 59.945773 -4.519293 
0.000000 69.422815 -4.055490 
0.000000 79.231832 -3.629571 
0.000000 89.428623 -3.224435 
0.000000 99.765118 -2.791913 
0.000000 110.119811 -2.357708 
0.000000 120.382410 -1.943092 
0.000000 130.442212 -1.563688 
0.000000 140.189345 -1.229294 
0.000000 149.516060 -0.944309 
0.000000 158.318037 -0.708624 
0.000000 166.495664 -0.518812 
0.000000 173.955289 -0.369409 
0.000000 180.610440 -0.254109 
0.000000 186.383017 -0.166736 
0.000000 191.204452 -0.101900 
0.000000 195.016814 -0.055343 
0.000000 197.773824 -0.024006 
0.000000 199.441732 -0.005917 
0.000000 200.000000 0.000000 
